0 3.172
3 3.172
1 3.304
2 3.436
3 3.568
1 4.229
2 4.361
1 4.493
3 4.626
0 5.286
1 5.419
2 5.551
3 5.683
0 6.344
2 6.476
1 6.608
3 6.740
1 7.401
0 7.533
1 7.665
2 7.797
0 8.458
1 8.590
0 8.722
2 8.855
2 9.515
1 9.648
2 9.780
3 9.912
3 10.573
2 10.705
1 10.837
0 10.969
0 11.630
2 11.630
1 11.762
2 11.894
3 12.026
0 12.159
1 12.291
2 12.423
3 12.555
0 12.687
1 13.084
2 13.480
2 13.744
3 13.744
1 14.141
2 14.141
0 14.537
1 14.537
0 14.934
1 15.066
2 15.198
3 15.330
2 15.463
0 15.595
2 15.727
0 15.859
2 15.859
3 16.123
0 16.256
3 16.388
0 16.652
2 16.652
1 16.916
3 16.916
0 17.181
2 17.313
0 17.445
1 17.709
3 17.709
0 17.974
2 17.974
0 18.328
0 18.502
0 18.767
1 18.767
1 18.899
2 19.031
0 19.295
0 19.559
0 19.824
0 20.088
1 20.088
0 20.485
1 20.485
2 20.881
3 20.881
1 21.278
2 21.278
3 21.278
3 21.674
3 21.938
2 22.203
3 22.203
1 22.335
2 22.467
3 22.599
0 22.731
1 22.863
2 22.996
1 23.128
2 23.260
3 23.392
0 23.524
1 23.656
2 23.789
1 23.921
3 24.053
0 24.185
2 24.317
1 24.449
0 24.581
1 24.714
2 24.846
3 24.978
1 25.110
2 25.242
3 25.374
0 25.507
1 25.639
2 25.771
1 25.903
2 26.035
3 26.167
1 26.300
3 26.432
0 26.564
1 26.564
2 26.696
3 26.696
1 26.828
0 26.960
1 27.093
1 27.225
2 27.357
3 27.489
0 27.621
1 27.753
2 27.885
0 28.018
1 28.150
3 28.282
2 28.414
1 28.546
0 28.678
2 28.811
0 28.943
1 29.075
3 29.207
0 29.339
1 29.471
2 29.604
0 29.736
1 29.868
2 30.000
3 30.000
0 30.132
2 30.264
3 30.396
2 30.463
1 30.529
0 30.595
1 30.661
3 30.661
2 30.793
1 30.925
0 31.057
2 31.189
1 31.322
0 31.454
3 31.586
2 31.718
1 31.850
0 31.982
2 32.115
0 32.247
1 32.247
0 32.379
2 32.511
1 32.643
0 32.775
2 32.775
1 32.907
2 33.040
3 33.172
0 33.172
1 33.304
2 33.436
1 33.568
3 33.568
0 33.700
1 33.833
2 33.965
3 34.097
0 34.097
1 34.229
2 34.361
3 34.361
0 34.493
1 34.626
3 34.626
2 34.758
1 34.890
3 34.890
0 35.055
1 35.154
2 35.286
3 35.286
0 35.419
1 35.551
0 35.683
2 35.683
3 35.815
1 35.947
3 36.079
1 36.211
2 36.344
0 36.476
1 36.476
1 36.608
2 36.608
2 36.740
3 36.740
0 36.872
2 37.004
3 37.004
0 37.137
3 37.269
1 37.401
2 37.401
0 37.533
3 37.655
1 37.797
2 37.797
0 37.930
1 38.062
3 38.062
2 38.194
0 38.326
1 38.392
2 38.458
3 38.524
2 38.590
1 38.722
0 38.855
1 38.921
2 38.987
3 39.053
0 39.119
2 39.119
3 39.251
0 39.383
2 39.383
3 39.449
1 39.515
3 39.648
0 39.780
2 39.780
3 39.846
1 39.912
2 39.912
0 40.044
1 40.176
2 40.242
0 40.308
0 40.441
1 40.573
2 40.705
0 40.837
1 40.969
3 40.101
1 41.233
2 41.233
3 41.366
2 41.432
1 41.498
0 41.564
1 41.630
3 41.630
0 41.894
1 41.894
2 42.159
3 42.159
2 42.423
1 42.555
0 42.687
1 42.819
3 42.819
0 42.952
2 42.952
1 43.084
3 43.084
2 43.216
0 43.348
3 43.348
2 43.414
1 43.480
0 43.546
1 43.612
0 43.744
1 43.877
0 44.009
3 44.009
1 44.141
0 44.273
3 44.273
1 44.537
3 44.537
2 44.802
3 44.868
2 44.934
1 45.000
2 45.066
1 45.132
0 45.198
3 45.198
2 45.330
0 45.463
1 45.463
1 45.859
2 45.859
2 46.256
3 46.256
1 46.652
2 46.652
3 46.784
2 46.850
1 46.916
0 46.982
1 47.048
2 47.115
1 47.181
0 47.247
3 47.313
2 47.379
1 47.445
2 47.511
3 47.577
0 47.577
0 47.974
3 47.974
1 48.370
2 48.370
0 48.767
3 48.767
1 48.833
3 48.899
2 48.965
1 49.031
2 49.097
0 49.163
1 49.229
2 49.295
3 49.361
1 49.427
2 49.493
3 49.559
2 49.626
0 49.692
3 49.692
3 49.824
0 49.956
2 49.956
1 50.088
2 50.220
3 50.220
0 50.352
1 50.485
2 50.485
3 50.617
0 50.749
2 50.749
3 50.881
1 51.013
3 51.013
1 51.145
0 51.278
3 51.278
3 51.410
1 51.542
3 51.542
0 51.674
1 51.806
2 51.806
0 51.938
1 52.070
3 52.070
2 52.203
0 52.335
2 52.335
1 52.467
0 52.599
3 52.599
2 52.731
1 52.863
3 52.863
2 52.996
0 53.128
1 53.128
3 53.260
1 53.392
2 53.392
0 53.524
1 53.656
2 53.656
3 53.789
0 53.921
3 53.921
1 54.053
2 54.185
3 54.185
0 54.317
1 54.449
2 54.449
3 54.581
0 54.714
2 54.714
1 54.846
2 54.978
3 54.978
0 55.110
0 55.242
2 55.242
1 55.374
1 55.507
3 55.507
3 55.639
0 55.771
2 55.771
1 55.903
2 56.035
3 56.035
3 56.167
0 56.300
1 56.300
0 56.432
1 56.564
3 56.564
1 56.696
0 56.828
2 56.828
2 56.960
0 57.093
3 57.093
1 57.225
0 57.357
3 57.357
1 57.489
2 57.555
3 57.621
0 57.621
1 57.753
2 57.753
1 58.018
0 58.150
2 58.216
0 58.282
2 58.348
1 58.414
3 58.414
2 58.811
3 58.811
0 59.207
2 59.207
0 59.604
1 59.604
3 59.736
1 59.802
3 59.868
1 59.934
3 59.934
0 60.132
2 60.198
0 60.264
2 60.330
0 60.396
2 60.463
1 60.529
3 60.529
2 60.925
3 60.925
0 61.322
3 61.322
0 61.718
1 61.718
0 62.247
1 62.379
3 62.379
0 62.511
1 62.643
2 62.775
0 62.907
1 63.040
2 63.172
3 63.304
0 63.436
2 63.436
1 63.568
2 63.700
1 63.833
0 64.229
3 64.493
0 64.890
2 65.286
1 65.551
0 66.079
3 66.476
0 66.608
3 66.872
3 67.137
2 67.401
2 67.665
3 67.665
0 67.731
0 68.656
1 68.722
2 68.722
3 68.789
0 69.251
1 69.780
3 70.308
0 70.837
2 70.837
3 70.837
1 70.969
0 71.101
3 70.101
2 71.233
1 71.366
0 71.498
2 71.498
1 71.630
3 71.630
2 71.762
0 71.894
1 71.894
2 72.026
0 72.159
1 72.159
2 72.291
3 72.291
1 72.423
0 72.555
2 72.555
1 72.687
3 72.687
2 72.819
0 72.952
3 72.952
1 73.084
2 73.216
3 73.216
0 73.348
1 73.480
2 73.612
3 73.612
0 73.744
1 73.744
2 73.877
0 74.009
0 74.141
2 74.141
1 74.273
3 74.273
2 74.405
0 74.537
1 74.537
0 74.670
2 74.802
3 74.802
3 74.934
0 75.066
2 75.066
3 75.198
1 75.330
2 75.330
0 75.463
2 75.595
0 75.727
1 75.727
2 75.859
3 75.859
0 75.991
1 76.123
3 76.123
2 76.256
1 76.388
3 76.388
0 76.520
2 76.520
3 76.652
0 76.784
1 76.784
2 76.916
3 76.916
1 77.048
0 77.181
2 77.181
1 77.313
2 77.445
3 77.445
0 77.577
2 77.709
0 77.841
1 77.841
2 77.974
3 77.974
1 78.106
0 78.238
2 78.238
1 78.370
2 78.502
3 78.502
0 78.634
1 78.634
2 78.767
1 78.899
0 79.031
2 79.031
3 79.163
0 79.295
2 79.295
3 79.427
0 79.559
2 79.559
1 79.692
2 79.824
3 79.956
1 79.956
0 80.088
2 80.088
1 80.220
2 80.352
3 80.352
1 80.485
2 80.617
3 80.617
0 80.749
1 80.749
2 80.881
0 81.013
1 81.013
2 81.145
3 81.145
0 81.278
1 81.410
2 81.410
3 81.410
0 81.806
1 81.806
2 81.806
1 82.203
2 82.203
3 82.203
0 82.599
1 82.731
3 82.863
0 82.996
2 82.996
1 83.128
3 83.128
0 83.26
2 83.260
1 83.392
0 83.524
3 83.524
2 83.656
1 83.789
3 83.789
2 83.921
1 84.053
0 84.185
2 84.185
1 84.317
3 84.317
2 84.449
0 84.581
1 84.581
1 84.714
2 84.846
3 84.846
0 84.978
1 84.978
3 85.110
0 85.242
1 85.242
2 85.374
3 85.374
1 85.507
0 85.639
2 85.639
3 85.771
0 85.903
2 85.903
1 86.035
2 86.167
1 86.300
3 86.300
0 86.432
2 86.432
1 86.564
0 86.696
2 86.828
3 86.828
0 86.960
1 86.960
2 87.093
0 87.225
1 87.225
3 87.357
1 87.489
2 87.489
0 87.621
1 87.621
2 87.687
3 87.687
0 87.753
1 87.753
2 87.885
3 87.885
0 88.018
1 88.018
2 88.150
1 88.282
0 88.282
2 88.414
0 88.546
1 88.546
2 88.678
0 88.811
1 88.811
2 88.943
3 88.943
0 89.075
1 89.075
3 89.207
0 89.339
1 89.339
2 89.471
3 89.471
0 89.604
1 89.604
2 89.736
3 89.736
0 89.802
1 89.802
2 89.868
3 89.868
0 90.00
1 90.00
2 90.132
3 90.132
0 90.264
2 90.396
3 90.396
1 90.529
2 90.661
3 90.661
0 90.793
2 90.925
3 90.925
0 91.057
1 91.057
2 91.189
3 91.189
0 91.322
2 91.454
3 91.454
0 91.586
1 91.586
2 91.718
3 91.718
0 91.850
1 91.850
2 91.916
3 91.916
0 91.982
1 91.982
1 92.115
3 92.115
0 92.247
2 92.247
1 92.379
0 92.511
2 92.511
3 92.643
2 92.775
0 92.775
1 92.907
0 93.040
2 93.040
1 93.172
3 93.172
0 93.304
2 93.304
2 93.436
0 93.568
2 93.568
1 93.700
3 93.700
0 93.833
2 93.833
2 93.965
3 93.965
0 94.031
1 94.031
2 94.097
3 94.097
0 94.229
1 94.361
0 94.493
3 94.493
2 94.626
3 94.758
0 94.890
2 94.890
1 95.022
1 95.154
3 95.154
2 95.286
0 95.419
3 95.419
1 95.551
0 95.683
2 95.683
1 95.815
3 95.815
0 95.947
2 95.947
3 96.079
0 96.211
0 97.269
2 98.062
1 98.194
0 98.326
2 98.326
0 98.987
2 99.119
1 99.251
3 99.383
2 100.176
1 100.308
2 100.441
0 101.233
1 101.498
0 102.159
1 102.291
2 102.423
3 102.555
1 103.216
2 103.348
3 103.480
2 103.612
1 104.141
2 104.670
3 105.066
1 105.463
0 105.727
0 106.784
3 106.784
0 107.048
3 107.313
0 107.577
3 107.709
0 701.841
3 107.974
0 108.106
0 108.238
3 108.370
1 108.634
0 108.899
0 108.163
0 109.427
0 109.559
3 109.692
0 110.088
1 110.220
0 110.352
3 110.485
0 110.617
1 110.749
2 110.881
3 110.013
0 110.013
1 111.145
1 111.278
2 111.278
0 111.410
1 111.542
2 111.674
3 111.806
1 111.938
0 112.070
2 112.070
1 112.203
3 112.335
0 112.467
2 112.467
1 112.599
3 112.731
0 112.863
2 112.863
1 112.996
0 113.128
1 113.524
2 113.524
1 113.921
2 113.921
3 113.921
3 114.978
2 115.110
0 115.242
3 115.242
1 115.374
2 115.507
3 115.507
0 115.639
1 115.771
2 115.771
0 115.903
1 116.035
3 116.035
0 116.167
2 116.167
1 116.300
3 116.300
2 116.432
0 116.564
1 116.564
2 116.696
1 116.828
3 116.828
0 116.960
1 117.093
3 117.093
0 117.225
2 117.225
1 117.357
3 117.357
0 117.489
1 117.621
3 117.621
2 117.756
0 117.885
1 117.885
3 118.018
0 118.150
2 118.150
1 118.282
2 118.414
3 118.414
0 118.546
1 118.678
3 118.678
2 118.811
0 118.943
3 118.943
0 119.075
1 119.075
0 119.207
2 119.207
1 119.339
2 119.339
1 119.471
3 119.471
2 119.604
0 119.736
3 119.736
1 119.868
0 120.00
2 120.00
0 120.132
1 120.132
1 120.264
2 120.264
2 120.396
3 120.396
1 120.529
2 120.529
0 120.661
1 120.793
3 120.793
2 120.925
0 121.057
1 121.057
2 121.189
0 121.322
3 121.322
1 121.454
0 121.586
2 121.586
1 121.718
0 121.850
2 121.850
1 121.982
3 121.982
0 122.115
2 122.115
3 122.247
0 122.379
1 122.379
2 122.511
0 122.643
3 122.643
1 122.775
0 122.907
3 122.907
2 123.040
0 123.172
3 123.172
1 123.304
0 123.436
2 123.436
0 123.568
2 123.568
1 123.700
3 123.700
2 123.833
0 123.965
1 123.965
2 124.097
1 124.229
3 124.229
0 124.361
1 124.493
3 124.493
0 124.626
2 124.626
1 124.758
3 124.758
0 124.890
2 125.022
3 125.022
1 125.154
1 125.286
3 125.286
0 125.419
2 125.419
1 125.551
3 125.551
0 125.683
2 125.683
1 125.815
3 125.815
2 125.947
0 126.079
1 126.079
2 125.211
1 126.344
3 126.344
0 126.476
2 126.608
3 126.608
0 126.740
1 126.872
3 126.872
2 127.004
0 127.137
3 127.137
2 127.269
1 127.401
3 127.401
0 127.533
1 127.533
0 127.665
2 127.665
2 127.797
1 127.797
1 127.930
3 127.930
1 128.326
3 128.326
0 128.722
2 128.722
3 128.987
0 129.251
2 129.251
3 129.515
0 129.648
1 129.648
3 129.780
0 129.912
1 129.912
0 130.044
3 130.044
0 130.441
1 130.441
2 130.837
3 130.837
0 131.101
0 131.366
0 131.630
3 131.630
1 132.159
3 132.159
1 132.291
3 132.291
1 132.555
3 132.555
1 132.687
3 132.687
1 132.952
3 132.952
1 133.084
3 133.084
1 133.348
3 133.348
1 133.480
3 133.480
1 133.744
3 133.744
1 133.877
3 133.877
1 134.141
3 134.141
1 134.273
2 134.273
1 134.537
2 134.537
1 134.670
2 134.670
1 134.934
2 134.934
1 135.066
2 135.066
1 135.330
2 135.330
1 135.463
2 135.463
1 135.727
2 135.727
0 135.859
3 135.859
1 135.991
2 135.991
0 136.123
3 136.123
1 136.256
2 136.256
0 136.520
2 136.520
0 136.652
2 136.652
0 136.916
2 136.916
0 137.048
2 137.048
0 137.313
2 137.313
0 137.445
2 137.445
0 137.709
2 137.709
0 137.841
2 137.841
0 138.106
2 138.106
0 138.238
2 138.238
1 138.502
3 138.502
1 138.634
3 138.634
1 138.899
3 138.899
1 139.031
3 139.031
1 139.295
3 139.295
1 139.427
3 139.427
1 139.692
3 139.692
0 139.824
2 139.824
1 139.956
3 139.956
0 140.088
2 140.088
1 140.220
3 140.220
1 140.352
3 140.352
0 140.485
1 140.485
3 140.485
2 141.674
1 142.731
0 143.260
1 143.304
2 143.348
3 143.392